1460
8137
5291
8649
3669
4737
8651
6654
4109
8745
3258
5168
2590
8759
3577
4336
2075
7413
5466
2628
5252
1575
3324
4780
2338
19
2303
424
8340
306
880
6919
5641
9554
3262
2205
4856
9518
472
7535
1520
2794
8925
2317
9002
7340
2907
8033
2721
2454
6025
9758
1248
9558
7581
3842
3285
3387
2718
9627
3250
8941
7699
4567
2123
9961
8543
6931
6124
2005
4327
3716
2129
9719
8476
307
78
1211
1772
8871
646
3405
3847
2394
2831
6292
7586
9807
3544
5091
785
4468
6707
8142
3076
2871
1768
1349
353
2720
1518
990
6554
6113
6305
4696
9726
4635
8556
4772
729
565
6155
1099
1357
2481
8668
6874
6158
9553
4481
888
5025
9418
1112
5754
6058
8236
6303
3109
232
831
5805
6936
634
6750
4469
246
5381
9264
5409
4886
2406
1807
2843
4558
9252
1869
7813
5532
7354
7156
8622
1136
4228
2869
7607
165
897
2609
8416
7720
7497
7281
8256
8336
853
8042
8882
9294
8862
4466
649
9282
2977
2005
8390
5947
6889
4614
4596
1456
9002
5263
3077
1207
2121
1528
5645
7411
2395
6193
1222
7562
643
3469
6558
212
2843
7122
7257
1522
651
5540
8340
8467
7170
4377
3435
8697
5980
3517
4418
5307
2758
9376
6381
7622
6990
1429
8992
7541
3965
316
5583
6915
5030
3506
2051
9583
8914
8470
7859
4048
5050
6623
2955
7569
7965
9147
3102
5172
6007
807
4931
3018
296
3097
5725
4922
2497
4812
789
1291
8024
3733
2939
5414
7787
6210
5380
3391
7633
8699
5210
9803
3923
602
8990
9233
3499
2141
2498
6698
1380
5569
4349
4929
6332
2700
270
6501
4854
4548
7379
1397
260
2246
537
3877
1399
9084
642
7490
4266
3631
7083
8541
8354
9690
8592
8775
2100
7868
622
7545
5843
8779
7192
5139
6633
4066
7005
4269
8984
758
48
5761
9685
6769
5876
2979
7523
2982
5742
9114
4150
9950
154
9480
5044
5473
25
8548
1942
3117
9673
1262
6139
5460
1282
3321
4890
4544
5320
618
5454
8923
5222
1704
9066
9626
2508
4368
7474
7064
6881
9307
3290
6940
6551
816
8477
9181
7311
6592
7264
1943
9910
5573
510
8888
6097
6349
3226
3068
5107
4929
4887
6
5517
4368
608
5857
8695
7018
5058
5860
6384
610
6126
8373
1783
4767
3792
6975
2865
59
2604
1027
3497
5746
4005
7821
2158
6573
505
6773
9783
3844
7929
5681
5346
8279
612
9976
3957
750
9221
1984
5749
7457
1657
4013
6159
3843
1962
7321
3088
8593
3975
4634
5351
8986
3804
5471
4837
8143
7532
325
3774
4554
8989
7307
2615
339
5756
3695
747
5085
1582
6231
6337
9164
4594
3207
3299
9834
1989
4599
3774
1964
9695
980
3489
3131
5232
3495
9788
5411
4985
3742
6993
1619
6697
6777
2360
5300
499
4338
4439
1081
3990
238
6772
9661
1946
8383
2242
4440
3339
6905
3532
263
5976
4481
8625
1981
8529
2439
1010
1526
4825
6580
1503
9815
2614
328
4891
1405
4615
2232
8957
9924
1125
9781
7493
3371
86
5011
4995
9058
439
1757
9208
9723
9136
5359
7093
8135
1794
4230
7592
4150
7971
7463
9599
534
2527
2171
6121
7592
5026
9892
1686
7291
8295
1598
3088
2551
3267
318
6271
8627
8381
8564
7746
2680
8171
807
8541
3087
9979
7014
1687
624
1127
4949
1089
9875
2727
7750
8330
2714
4305
5271
4949
2185
6319
9378
101
7271
3500
5722
2548
6750
5055
247
6542
5784
8401
6482
1570
3186
1219
5965
4440
9467
9780
6452
9696
749
4798
7948
8974
6153
1671
7863
4464
9304
1646
5990
3731
2725
6875
3753
423
9201
7776
4665
1591
3625
9294
6966
3139
7749
4689
3096
114
9823
9632
5100
5640
1712
2173
6049
3724
6229
2725
1881
4665
7692
3349
7773
7165
9524
7856
3786
9085
1849
3429
8161
4862
2663
9249
2417
5507
3152
1615
4254
2731
2440
4522
1994
5575
6594
6650
7147
7677
2801
3922
9259
3990
2093
7607
4626
4056
8911
7349
1468
6097
992
8271
8107
673
6842
2603
3664
8418
5750
3881
7883
8132
7656
8652
4578
4245
8449
1898
2687
4115
771
6724
778
6408
4056
7354
5468
6637
5481
494
6598
4718
2104
2032
1045
4180
8603
5302
5129
871
9891
8502
2214
8997
9094
2322
2213
9711
6196
6263
9350
2066
8783
4
5220
1462
4331
439
3534
4447
9934
3105
8270
7600
7705
5734
1400
4047
8032
7450
9801
5935
2538
86
3701
6448
7053
4407
9177
9282
2885
1055
5941
2311
1676
1415
4409
42
5936
4802
4224
1194
6843
6114
9988
1610
8566
861
5741
504
673
3046
9451
1772
8338
9303
2102
9091
3101
8683
6667
509
1231
6956
8270
8643
1565
6157
1070
3984
5121
8213
545
8257
8490
9741
9322
82
9517
9393
2299
2751
8119
3207
202
9567
9587
4480
7318
4955
7158
3963
2543
9642
4701
3936
4889
6613
7455
7540
3121
4221
7359
6086
1329
5759
3324
1509
8617
4087
4275
2288
672
1006
8907
8888
5246
4600
4966
9467
9208
1854
1067
1251
3227
967
9228
3140
6211
86
2175
7634
567
8967
5568
7691
4672
2206
4929
3048
7166
3833
3606
3766
5884
873
8082
3631
9911
6149
8805
9172
5512
627
13
5549
9200
7871
8189
3852
5248
6923
134
5153
5128
9739
5654
1858
9760
9829
4437
8061
1815
338
601
8573
4562
9918
3647
3383
6015
4240
1334
2208
2910
1439
2741
8075
7421
3027
5354
3274
364
3676
7533
32
3264
2024
3556
8125
7188
5108
8482
7210
584
702
7732
1207
9983
9886
7047
7870
4838
1606
4678
8135
8338
1194
7089
1866
4177
1157
7357
217
6833
9563
9821
7488
4507
7753
531
2519
5745
921
5234
7496
943
681
5867
7856
8418
1011
705
3956
7930
6190
8843
1251
3124
1100
6139
7690
5990
4101
5397
9804
4367
6029
8399
5312
9234
4681
4412
4573
4258
8335
6950
7486
2025
7840
6370
6169
1229
2636
46
5766
2322
3760
6948
6263
4856
7356
6747
8952
8020
8128
5179
3087
6880
9638
9215
4481
7035
3912
9770
1587
7631
5447
543
1504
3508
6939
4073
2128
769
5887
7553
8229
6612
9189
8314
4015
5925
6067
2111
3693
5243
3423
9916
5807
2556
6436
7495
9438
9441
7367
1597
3809
4675
9846
6079
6873
6295
7335
9431
5879
6441
4401
7371
2681
3052
9145
8964
2653
4158
7317
9171
5593
2201
5755
1258
4601
1845
2986
2409
7418
5606
9489
2398
8699
6649
4600
1367
9949
6704
770
8583
8783
326
7980
3565
8462
5200
9233
3214
48
8689
1983
2174
8728
1995
4980
7656
401
7800
4755
3745
5146
4320
6904
7726
1749
5898
1843
6642
46
6121
8538
8718
2344
6980
9558
1784
9721
8044
2913
3531
6512
207
2594
5885
5549
1985
978
5173
3016
9376
9536
9662
4819
9947
8195
8127
6716
5243
2417
9696
2231
6853
4821
5333
5611
3648
1653
1395
1383
6688
5705
4533
6676
9469
3631
2807
3645
8039
5596
6493
2434
4270
2102
5437
682
9961
1871
5844
9737
8532
730
9814
5346
5076
920
2273
3364
5172
983
7286
2311
8859
4348
1244
5226
1152
277
901
4008
9963
4498
2471
8890
8110
2776
8059
5916
3278
6282
3845
8857
4988
4051
1189
7292
4379
1145
8422
4510
1503
144
4958
5342
5366
7398
7846
7692
8005
2279
1384
6569
2440
4923
8370
5058
9517
163
2146
3184
3895
5551
1978
9957
2257
4480
7266
6504
4724
4033
1050
4603
5080
8598
5336
4682
5860
3393
8573
2231
5314
2244
9682
4316
1910
6645
9151
1194
4212
6810
1147
4708
4441
6220
8952
4770
6368
792
2114
5555
2202
1993
1844
7281
613
9698
1613
1133
6126
3776
5564
4511
3905
4039
8026
6938
2954
880
4735
2922
2616
169
9325
9750
6908
4407
7740
7584
3549
1281
2298
8199
2736
7494
459
7005
8518
3601
3767
1949
2210
6168
3272
184
7826
2928
4246
5212
8916
174
9818
860
4242
3706
906
9294
2557
7796
1573
9763
68
7962
2147
5851
4017
8067
7255
6941
3945
1442
6786
3543
9148
4647
1467
393
129
2529
5223
3401
8873
5042
7605
9145
6650
8542
5089
8235
2259
2323
5797
9396
8959
4810
307
4420
1585
8791
9080
3700
2005
988
5792
2392
4203
8306
9799
7672
3223
9701
9052
913
6910
7027
2381
8547
9445
5795
753
2190
3735
9616
8959
1816
9069
2600
8900
1466
9402
2172
3106
5544
3806
5816
4589
8487
2164
5572
2425
1103
5720
3961
6798
8996
1495
4350
6058
3082
6561
4047
7723
6417
6236
2443
3337
9564
8210
2273
8023
8744
2218
2797
3179
4026
2842
8344
7159
7706
2032
6147
8404
5232
5979
2299
6557
5901
9264
8858
2687
9727
227
3734
6993
1783
5740
3233
4675
4584
6131
4057
9499
9327
3249
6484
3167
2554
3196
6841
9247
23
5133
2697
4245
9946
7693
8229
9742
4814
438
148
6196
2197
6308
9049
4415
8824
1805
2070
1619
4656
4097
6730
5772
7843
7266
2968
3652
3482
2900
9521
5368
2857
1387
6079
7949
6974
5789
4828
7303
2969
8181
8291
5012
9360
1139
2125
4209
8610
3613
4361
8178
6510
5386
4666
2661
322
6357
5779
3394
7165
2374
8215
6306
443
521
6944
2442
9430
2598
8998
3996
5148
4687
7451
4132
5001
1362
1323
1550
1561
7004
9146
4496
7561
213
5174
581
5658
4977
5204
7410
3323
2298
9889
2913
7232
7040
1725
3465
6753
5180
4934
8821
3885
5513
258
4932
4387
9838
5574
7231
1585
5931
1469
7417
7927
3656
3752
8004
5425
2882
8061
1868
8034
2026
26
5745
9765
2080
2951
3749
6451
4913
9460
1636
1006
825
2197
4753
7045
9618
3138
3956
7283
4001
1
3154
1051
9052
4710
1447
8389
1668
1407
3411
4809
7345
8442
927
6878
5126
1359
2841
4191
1988
6309
5524
7473
9537
8723
2235
4781
2434
3682
173
23
9092
9650
4241
1589
2077
2268
8361
4999
3336
907
8400
2315
2957
7575
6093
3377
3638
5543
8536
6428
3453
6181
54
9171
2672
3123
8578
610
7909
6102
5473
4516
5990
5991
984
8603
3787
5941
7976
6111
9873
3393
6989
4416
8465
5425
8470
8598
5073
1082
3020
7852
1196
989
9047
8539
9776
3529
9226
7324
4375
1431
3521
6080
2350
4247
4018
1595
4286
7710
219
3384
2739
5279
6858
1248
6763
3701
8740
8161
3326
7042
1625
4164
9236
781
7694
8548
4805
7846
7211
8265
3568
8663
4823
7146
4027
1585
4690
455
895
4245
8033
7792
2732
2051
4337
9440
5383
1884
2308
19
8377
387
1879
5877
4834
6702
2191
4556
4840
3114
8779
528
9179
1145
4021
1171
1731
9781
6733
2111
6947
2757
6321
7736
497
2075
5703
4173
5145
8108
5451
5173
8137
2587
2067
6396
9971
2802
6976
1667
5790
9540
1007
8177
584
3301
9738
8514
398
902
5616
2614
489
6509
5985
6081
5028
3666
5352
9769
1068
9134
6715
3272
9641
4976
2642
6398
9658
930
7766
9631
6427
7672
9723
6562
5344
9937
6922
9735
6504
7041
4703
7288
7561
5721
8065
294
4935
3070
4060
1090
6695
2753
181
4851
7961
5007
4361
7872
4308
99
678
9237
626
8359
3287
4267
2043
6556
5747
3875
4034
6335
8804
2780
7913
6974
5228
1735
2401
1689
6575
7917
2006
4569
8392
4857
3670
3225
6096
6044
5097
4471
3478
6692
6814
9283
1702
4161
9597
6545
8719
1964
4269
7590
6577
9242
492
3518
3420
5579
4727
8346
9305
2683
7556
2470
7737
4089
7783
681
626
5280
381
9014
7014
353
1126
3939
3273
1762
3252
4675
2523
1117
5354
8382
485
4035
5514
8450
9730
2874
3508
9997
5098
8919
3265
2668
4897
2913
2540
7792
8940
5913
6038
6145
638
7282
3301
3518
6920
5025
3860
9602
906
7886
2846
6110
1538
5497
2648
3306
9021
8100
9036
4333
586
2644
6031
6739
308
5027
744
1748
7713
945
2454
8928
2102
4564
8264
4027
8889
2763
5026
4890
2853
420
316
3821
2258
271
2509
1028
5610
5763
8486
9733
1622
8890
6513
2500
5005
2396
4744
9009
180
1922
5452
1043
4084
6203
6078
7962
3610
4921
9600
108
4894
5809
633
3926
7770
4499
7438
8427
797
7759
9011
7283
2564
9437
1588
1784
3168
6963
8499
3291
9904
22
4222
2859
5482
9176
521
1892
1884
3578
1584
6743
4967
2503
1638
1442
9761
9747
2508
3167
8428
1161
6181
5789
1151
7617
7975
9665
9448
3154
9585
453
7067
2273
83
3852
8239
7321
1131
4795
1384
1187
8276
11
7865
1360
5842
1480
6476
5040
2273
1728
6023
3492
589
7499
2374
6528
237
2926
4110
3370
909
3493
9923
6828
5019
668
4507
4964
3023
7153
2226
915
2080
2338
8742
6772
8790
3901
947
4741
9732
1711
565
5947
8173
6420
5968
1208
9145
379
6350
5285
987
2553
2928
2912
4628
2967
108
5548
8497
8792
9661
5204
7532
7577
9116
1816
2661
7188
2664
106
8500
7985
1367
5463
6049
6789
472
5179
6878
4970
3353
2614
9716
284
2146
4302
8033
8937
6012
7382
9471
620
2284
9160
4221
5971
1057
7027
6696
5023
7349
6663
699
753
4676
9894
2143
1068
2357
7221
5685
1435
316
7365
5074
6445
3413
5499
2404
5201
3235
1983
971
7002
2515
8535
3690
6534
6101
2928
7611
4888
2263
8887
2289
4317
3199
1760
817
1240
9361
451
1942
7015
580
6652
7190
2221
6569
2142
1063
3747
3974
4482
9730
7427
6712
7050
9209
1085
3958
6642
1269
5826
4334
5079
3251
3788
5639
8979
1515
3952
2080
7767
9201
995
6087
4945
2600
5718
9505
5171
6431
8177
4240
1715
1177
5662
3611
8418
4260
1571
9824
9408
8823
5360
453
1210
1352
4178
9894
6323
4370
5684
3713
2712
5495
3605
3144
7994
1379
8979
6382
9519
2804
7592
8682
8539
7153
9598
183
1402
9008
5184
9952
9118
2629
6712
9078
8410
2499
9695
7653
1506
4661
9651
3412
1189
1803
7747
8006
9919
870
4910
2605
9538
287
9019
6921
1022
2038
6177
1595
7527
9098
6962
7486
8571
1052
221
4779
2827
9488
9300
4786
5660
5749
3871
323
9149
6987
1154
1399
2280
1401
8762
3281
8996
8707
554
7358
441
5824
3232
5520
8403
5540
2836
2374
1529
7397
1390
8346
4322
5494
9472
8136
8154
9998
8660
4857
6927
4385
603
5248
9170
219
5769
1735
5923
3663
1774
12
7086
9092
363
6184
1978
4507
2255
3473
5881
902
1956
3851
7840
4138
9000
7151
9496
2264
6995
3137
1357
8075
2044
8047
435
8966
5882
1635
3992
9164
5326
5370
2092
7982
2599
7877
8896
5614
898
5526
722
1160
8089
2485
676
2512
2252
6239
2753
8443
5440
5167
2256
856
2384
1938
1528
1186
8964
7235
1680
5824
1192
5307
1725
9053
215
1785
8598
5587
1802
9218
7197
8015
7824
3348
5125
5151
7957
4903
3099
6003
4475
8267
4891
3854
2867
9358
2103
711
9126
1988
9177
9608
8134
1353
1128
9424
3938
6300
9575
445
4020
7118
9796
952
1004
452
8006
2183
6061
5398
2500
6824
5122
6332
3052
5407
4518
4246
8155
3737
8514
5758
5871
3929
1042
5228
5814
3807
4512
5051
5491
8115
3129
8003
8237
7465
1923
4310
2341
4054
4489
9050
2373
8705
3764
9730
7263
2603
5108
5016
1265
6234
1871
4401
697
3581
1613
1288
4688
7227
533
2084
7117
3884
5239
568
4829
2105
8985
3641
9880
7626
2035
6785
230
4695
3595
3652
3572
2605
4735
4314
5838
2368
9487
8903
8090
6726
4930
4446
3661
8065
1859
174
1654
7213
8680
3197
8460
1497
7189
8575
1724
3967
5113
460
2625
8294
4479
2027
6722
6393
7542
4776
2788
9438
1311
1939
3206
8288
8108
9739
660
5534
3302
1939
3516
9858
8254
3915
9597
784
8452
6450
1686
3056
8964
4943
2148
9824
9665
2051
2984
2926
1735
2337
9334
7374
163
6953
8240
8982
159
3560
2539
8684
5293
3076
5649
514
4967
4023
5629
2332
5040
9590
9421
1303
9029
9581
2254
4297
6844
2425
1796
3725
3008
947
6452
5862
4497
3559
3885
9464
4440
7516
6593
2149
7878
463
4079
9327
7026
5711
9694
5500
1173
1244
3454
2019
2292
1734
2859
8594
9527
9667
1529
7739
893
9811
5672
2300
7255
9695
9258
2843
1227
2331
2671
6236
6127
134
7866
6109
7439
181
7050
4541
2051
3636
5683
2750
6210
1907
6563
427
6087
2940
785
5532
8557
6841
1032
3866
5798
9477
9163
6728
6567
164
7098
821
6768
8911
725
6307
1429
9928
4235
9545
7342
9093
7337
6872
703
5183
5610
8342
2835
4036
2701
6312
8760
5593
9085
3096
8027
1223
867
3290
4285
4898
6106
5548
1781
2424
8647
786
2890
9000
9481
7371
1550
2169
9168
547
2444
6889
1085
8259
2161
9284
5619
7061
2671
5359
2631
2736
9623
4333
3372
3598
1050
7559
9888
8603
2772
9440
8372
5205
5918
7061
4485
8583
3972
381
2322
1620
857
358
2170
9628
3281
8755
4327
6669
8238
7312
1955
8753
3900
5472
2528
3982
3371
9522
3889
9749
2672
2046
2313
2786
8705
5603
4426
6855
2090
9645
8760
6203
415
9071
7783
9388
8009
366
9919
7354
5098
6304
7542
7969
6954
4945
5058
7393
9314
6712
1437
9711
9219
3966
2129
9259
7426
6011
7417
7095
3572
1317
600
6589
8503
1915
8017
7586
8713
7983
7821
9837
4011
6907
2037
1565
6119
7755
5573
2652
5350
1843
6885
526
1206
8630
2248
2763
7410
9404
4563
3846
720
5672
873
1882
3638
2010
573
7658
5996
8304
9863
7323
8005
3691
3919
9200
3113
4710
7477
5472
2711
9457
7119
7342
7209
9096
4511
2924
4325
1935
8044
8864
7376
3113
6737
2395
4251
1290
6881
6295
3558
1972
1048
9982
6762
1730
934
3516
7619
8265
2706
1183
1458
3032
3864
4262
834
5951
5628
7421
5364
7217
341
323
9875
152
9759
6794
6999
5690
3125
8061
4658
9625
1052
5445
2541
5153
2569
274
1445
5532
3636
4020
5177
859
4939
5306
3191
4184
8950
9508
5120
7071
1018
7020
7125
8742
1465
7758
9474
8411
9380
4005
8748
734
353
7649
3030
5179
7847
9756
7621
2118
4676
5018
9031
7972
9214
6477
7148
3527
4626
1590
9983
7365
8870
4078
5701
1257
2973
3439
9095
3527
2107
1411
5638
5527
7968
2774
1086
9956
5987
9154
1905
5850
9554
7601
3007
5970
686
6777
1172
325
9556
8716
6508
9662
393
8468
4093
1049
8433
9191
8104
5510
5610
7046
1327
7891
8574
1195
4925
3565
2016
8092
2384
9163
6897
9721
1849
1471
3579
8179
4884
3632
6278
6254
7528
9957
22
4086
6858
2889
5426
5018
2750
5832
9698
4691
2181
6667
2831
3215
9836
8039
908
9630
529
1957
8079
4108
5521
7992
9230
7975
1463
5024
1492
656
7173
2614
5522
2122
5135
2348
2145
3425
4252
1010
2153
4525
2870
953
1562
8167
6828
4021
5751
1429
4582
1987
9493
5907
5055
5853
1749
3227
7504
2734
7242
3662
3571
9241
2302
99
1907
3674
736
9350
996
207
1590
5414
6037
5767
3267
3944
737
3874
5091
3905
3469
5239
8018
4848
847
2002
5346
7448
137
9828
2736
8495
7738
950
9052
730
7024
4288
5579
8719
7438
4832
5442
4547
6365
4521
2938
495
430
7065
5386
8782
9916
724
4951
3489
2154
9910
1195
8532
6080
5098
7191
1179
9260
2653
7765
8665
2699
3615
7779
4516
4996
3837
1888
50
5985
5163
3283
1003
7971
5806
7096
6232
9511
9096
1811
2601
5414
1160
3891
6409
367
3524
7957
8104
9321
1069
9250
9668
7515
7605
3245
5020
9764
8352
9110
9197
7528
9910
7826
6323
5424
5305
6725
5738
6791
4158
756
2756
2277
1480
14
8036
8279
561
3566
7291
9443
539
3401
4764
4600
2340
968
4962
3195
4471
1931
1936
5063
4382
940
9488
3120
6390
6416
955
3080
8176
1024
7644
6059
2066
2589
8060
4196
7015
1004
8442
2127
2032
4642
8071
7933
7426
2366
2809
8528
2390
7353
3793
6575
8181
6617
2166
6842
6431
9092
2609
1648
982
9518
1182
7756
8205
29
7243
9325
6625
2214
8535
7685
4020
2121
7178
5386
7943
5409
3782
6140
264
8239
834
4024
7592
8590
8023
3046
9200
8731
6783
1531
5483
5048
3911
5780
5585
7652
861
2704
2705
9628
1150
6455
5065
6706
7066
4608
6145
7907
3449
5411
9517
2987
6967
9716
9024
8469
4840
5215
9601
299
6291
6882
79
6553
6194
8639
644
7811
9006
6292
7448
6413
4956
6733
6776
1211
6960
3838
2951
1004
4629
650
7640
8769
2031
4547
6728
7644
3061
3451
7744
630
7881
9360
4731
6114
3765
5497
6249
6424
3406
8652
4432
3497
5988
7286
9090
6775
6622
6061
6935
4643
9254
6227
79
9698
5630
4864
847
8057
676
4441
8863
7374
8401
5718
5337
7533
1263
9512
7748
6466
3273
5123
8715
7329
5865
7134
5952
4608
1117
5916
6095
6042
5339
2852
9692
9885
7458
9147
7864
3353
7508
2967
1233
6301
9796
7396
9647
3929
8578
6399
5930
772
5694
1668
9242
2949
5404
7337
3247
1714
1487
8915
5635
97
5976
9977
7396
9125
3045
1989
7486
5778
5850
8713
3323
2337
2455
4228
8376
6423
659
8387
7603
5096
1781
88
501
2161
6972
3306
7555
876
1326
4971
2455
4860
8027
508
2037
5520
2259
257
8765
4106
7540
8488
8561
4020
2858
3190
9798
6270
4506
6189
1264
6490
8257
4164
9781
964
5075
8125
8080
5103
5541
3909
2212
486
6817
725
1583
3933
9961
390
5620
3433
5007
12
312
9843
3674
2465
694
9579
3397
502
4697
6108
1374
8818
2991
6356
1990
3278
4988
1413
5818
8458
1723
4547
3468
2815
3015
5999
1135
3631
851
6940
796
6676
6132
6192
5169
9628
9188
3783
2820
5952
2277
4693
7201
3394
3836
1027
3906
2825
9568
8900
4633
3213
6729
7867
6785
3777
1525
9731
9807
1869
221
1056
356
9891
3186
954
2784
6743
4517
7089
3217
7111
730
9199
795
4048
7593
9318
6585
6201
2198
1148
5676
9389
8548
5534
6281
3907
1396
412
2685
8621
2542
678
7782
9645
4132
7905
6556
3382
5537
8419
5224
8863
8686
860
7820
3022
2732
9894
1211
7020
3657
9220
810
7477
9528
4985
3270
6541
431
5379
5306
9132
8230
2363
5140
1178
3525
5467
7491
672
4185
6410
9490
461
4903
204
156
8626
7010
3555
2422
2103
9160
2858
1295
2612
4732
8862
1287
6223
1944
9603
8613
2439
532
909
1629
6127
199
6186
9693
5258
6510
2376
1751
5587
595
1222
5616
9525
5378
1928
2568
8222
4482
4677
2978
4321
9213
5530
3883
3673
1969
2139
6725
381
8383
1171
3621
2379
6010
7839
8018
3291
5724
1641
3306
542
7968
7361
3351
8715
7138
1213
2747
7976
3646
4813
5785
2134
315
16
8571
1472
8400
3747
6904
5216
5131
2839
5097
9116
7698
7764
5114
5013
9819
5312
7894
491
7575
1583
269
2024
681
9463
439
3594
7481
8696
812
9515
4949
6164
529
8178
9978
6020
9249
8082
101
2328
7158
7815
9544
1925
6609
3188
9514
1493
629
5161
5194
5550
2841
2433
4211
6701
3776
9553
6636
933
9681
2152
4009
3196
2422
1176
5201
2813
4854
9464
3435
6731
9256
5168
3870
7335
1224
3806
3897
5460
664
1295
817
4591
7308
6799
4001
9085
7617
2220
8622
8290
1648
1331
4054
1957
4480
7047
4139
8279
6808
5718
1943
1109
3573
2594
8241
2928
4859
5888
9257
941
4679
3385
4996
2658
8360
4504
2021
8366
7987
7348
8494
2227
8113
808
3216
5140
890
9399
2528
7321
988
5697
4667
8020
1401
5079
9555
3801
9110
5836
7074
6008
3836
8871
6383
1607
1095
5863
194
807
8619
5846
5700
4129
7678
717
604
5564
4873
7410
6201
5870
122
5210
921
8367
1573
8814
4628
463
2803
3478
3167
7525
8770
9738
3971
3039
5741
479
4916
2335
2321
5896
7474
6646
1802
8590
1201
8313
7633
8430
4478
5839
5393
99
3173
8495
4107
7103
1424
6780
7946
8382
4993
1684
9707
970
1464
4522
8832
5165
1662
949
384
4991
1147
6558
9361
9135
9382
5012
25
3068
4554
4796
4048
674
755
9695
1816
3153
5063
2175
3709
2462
9378
6781
4353
7370
992
8491
6118
7057
4016
7597
1304
8587
5359
732
7964
1318
7296
1719
1638
7458
3068
5368
782
3836
3728
7273
9046
1294
2777
6998
279
7229
1642
3062
2817
2965
9883
7655
3478
4383
1430
5388
4817
3743
1339
5911
2508
4017
6078
5095
6586
1856
8379
5915
9525
2807
1320
4895
9947
5417
5956
5971
7682
2033
4413
7595
7894
8731
5073
8929
9139
6463
771
5378
8907
7739
1372
3594
4586
552
8338
9963
3668
9065
2118
1374
3557
4816
5299
8783
9163
9304
7748
22
8958
8820
3871
4496
1821
7873
6893
7335
9633
6022
6230
9546
2089
3914
7002
6097
7792
1249
6011
3807
912
529
3897
7260
8071
6847
1430
2403
4893
6675
2502
513
1603
5914
4973
7436
4242
2862
2750
9899
7587
427
4898
9796
6525
8994
9445
4120
3192
6886
9688
4035
2645
9147
2016
1311
8602
9286
9876
2803
5117
6617
4149
6716
1888
1859
2124
6922
9575
7391
2602
7119
411
1435
6120
4271
9280
31
8859
1209
9845
4755
3088
2819
5445
9914
7592
1176
1842
1008
3891
9851
3549
721
6332
6245
1318
9677
7601
9099
9348
3103
9074
9850
5549
347
1235
290
9575
6660
6845
7426
2461
5778
531
286
2815
8663
937
2778
2454
9234
88
5031
2224
9757
7209
1509
895
3920
5141
2471
3731
9472
9968
9600
5561
3144
7599
7702
2917
2222
8998
9890
4674
6436
9506
2429
1773
8643
205
4143
2379
4684
9322
6811
7588
4198
3341
4895
7010
496
9409
3015
4542
7092
5043
8393
7454
2073
2678
6450
8341
6039
7502
7987
3536
523
2732
2907
497
9392
4762
1344
8936
8853
8653
3022
1099
9061
9863
1611
8628
3724
9478
6463
9497
8414
5941
7906
4813
2519
9997
9828
1647
8504
176
3531
3705
5790
7352
6768
9815
6316
346
2206
2038
7509
7150
4360
2079
766
5138
9270
597
2626
1044
9440
3645
8539
6477
3130
1677
6279
6045
5682
4321
9206
7358
1055
8724
2954
7037
8597
4359
6385
8973
2994
1770
4507
4722
9573
7330
6637
862
2994
588
7566
8329
9361
7463
6954
4504
470
5483
3037
3584
9246
3435
3570
2536
791
9627
185
1009
7138
6494
7088
8745
1496
5931
2215
3532
9865
9048
6941
5230
5327
3039
2912
2364
3933
1679
1047
5723
9432
5444
2326
5247
97
325
2743
9346
5336
776
4968
7483
9301
6363
315
3043
1432
8396
8599
980
2404
3314
7750
865
5756
5786
6798
7956
583
5542
1002
8035
7182
8663
4851
1747
8570
1013
829
9141
2435
7819
5142
6798
6965
6727
9216
5232
1019
9887
6422
2555
7042
2029
6698
2629
6101
1802
9283
5011
1910
9633
3349
9536
5054
3102
2100
779
3591
3247
3262
4487
7591
8191
1358
3513
3717
3691
6460
1785
198
4474
7948
5481
8012
674
5141
7819
3143
7721
6725
1036
5528
3297
543
9021
6514
6808
8036
4146
5064
6850
8805
5838
1255
2021
1038
996
8262
7030
7111
2201
1834
4019
7737
7629
4388
1993
8669
2907
6870
4954
5698
4603
119
4344
3134
8138
3378
5681
7688
5414
7374
1754
3209
787
7775
3170
267
6927
3681
1245
6325
5499
9240
9447
4835
3296
3992
8135
6521
2746
6548
2730
1392
3850
9232
7177
1581
2292
3038
6795
1908
2504
8711
5806
4216
6566
4122
2253
1383
2486
9255
8997
1687
8415
6169
8373
7321
1824
2568
2362
4535
6587
6300
7971
767
4800
1787
1147
3135
865
5122
4151
8323
12
5266
5206
6232
3426
5581
8997
2581
4364
6995
8462
1285
3492
1851
7199
4577
8238
7476
1228
785
9709
4186
6482
311
2700
9794
4013
7998
284
5728
9934
184
5153
6114
2009
6511
2291
3698
8116
2960
7001
2125
1026
8791
7931
349
1264
4080
8954
7132
2521
7936
5198
5587
8166
1624
6302
5063
3139
5935
6625
2460
5392
8967
9564
6463
9690
1762
7168
1123
9116
111
4470
871
9890
3976
151
8727
3630
8068
6133
7206
5837
5805
624
8347
3135
6307
3581
9480
4832
7147
3041
9152
6508
1593
7419
5124
311
9502
5876
6199
3411
1732
3951
8607
3357
8587
6381
7865
7819
2721
8642
5371
2751
2783
3673
1070
2765
6115
4121
2280
4638
9651
3216
7349
2704
3337
8343
8366
611
461
3892
8229
3845
1320
267
7548
4018
5145
4788
7598
8127
6322
7537
2293
2715
7756
7026
4840
2114
3208
3865
5995
3703
9053
4657
5089
9920
1530
4617
7436
4778
5583
5599
3555
1990
818
2023
4200
7664
2795
3138
8384
1731
3778
9214
4823
3355
7416
9644
6637
5546
7386
4433
1183
3713
8706
4165
5969
7215
1059
717
9071
6085
6948
1935
5402
9143
8663
1098
6428
661
1923
8114
4122
2635
2567
4810
6919
9978
1178
7891
8901
9897
9450
1775
1908
7043
4909
2181
9411
3572
6097
8035
1592
746
7968
3820
6050
2667
8712
6363
7560
8765
9362
6461
3277
2896
695
2471
3258
5177
5794
8799
9899
2994
8833
6852
2109
7814
5933
2755
6638
5931
9256
149
4049
1039
6882
71
2325
6366
987
900
9827
7820
4644
5903
4883
3329
9745
7014
142
6202
6476
3383
3927
3548
6440
6396
5339
8050
8583
5652
7619
698
5372
7140
1803
2436
217
1816
8377
3916
3296
7507
2991
8212
3837
5188
4274
2460
8821
1067
4829
7448
6866
8063
4111
327
3041
2057
6223
9389
153
1556
9088
6878
8988
3975
4118
3224
2453
8589
696
4067
7180
2910
5188
4779
4883
8057
9735
4964
4334
1434
5251
7475
4840
3342
9819
2967
9214
4512
2100
8486
3167
2770
6185
14
6462
241
5372
5323
1684
8598
5737
9782
9305
9289
4461
6809
3862
3192
1078
9597
7005
2433
1854
9719
1826
3792
723
439
2911
9749
1873
3413
8192
1036
3857
1303
5450
67
3500
9503
5161
9733
5765
1697
2398
5315
1127
8562
7529
2773
3517
9061
1294
2038
268
5851
9033
8885
3685
9845
2457
9405
7896
5823
5637
7639
5446
4532
484
3374
4956
1875
1556
1375
9430
8210
6030
1482
1861
7883
4461
2632
8684
4056
8362
3802
7830
6034
6992
8241
3821
1089
2672
3473
8133
8298
4703
2430
7308
6662
9077
19
1837
4917
1582
5022
3712
1838
6873
1979
7446
2038
3834
7753
746
7670
8884
8949
3730
6666
2631
2132
1996
7822
221
7568
6459
3499
2781
8005
986
5974
7835
2015
2261
8872
7491
7507
3766
1061
4027
4654
2437
3607
1906
1906
6765
788
9349
1244
8505
9165
1790
1248
2113
6488
8423
9799
3258
5851
7229
9281
9318
8720
7431
4870
4318
9386
9686
9896
6993
5847
6568
6626
1003
5296
1778
40
1783
488
4246
9489
4146
1279
290
4706
9592
4724
3236
6312
5270
3480
6729
9092
8957
1697
8330
9502
6282
8692
9578
2231
1716
8630
9778
9473
9594
2995
5972
4703
9878
9621
6306
8915
273
2780
484
3334
3286
9877
7568
7991
4787
5937
9854
7589
1320
8499
4484
8214
241
7808
8144
2140
776
8053
8600
3764
1583
4443
5848
3576
4375
9089
1183
757
3549
546
9292
1720
5899
689
7398
2476
7193
2900
5674
2213
4530
6957
5360
5565
7903
476
7498
6083
6812
767
7755
7047
2588
1575
2450
4019
1797
2810
3619
7053
5188
9266
5155
9917
399
9239
8826
6820
8273
8911
6157
9756
7176
9980
7167
1833
1567
2657
1180
8813
7262
3644
743
6396
1603
8295
7252
3364
4248
635
720
6915
7480
422
8481
7742
5934
2881
2924
4469
1105
1278
1166
2876
7712
4816
257
3763
8886
3162
9366
9971
7769
2968
9951
5842
3825
3123
1929
461
3584
3796
6378
7267
4248
9926
2114
4593
1601
1100
7420
614
6079
3731
8733
5366
1414
1682
5649
5560
5326
2706
5396
1014
1584
2091
1148
7803
5824
8460
9313
2591
3311
2093
3709
9505
9439
1728
6400
1282
8190
3884
1134
9936
732
5509
3384
4114
4622
7039
6163
2585
6598
1745
3162
9019
5267
6674
4046
8496
1287
3468
4649
6816
6826
4786
5740
1997
3235
4006
1379
190
2820
7410
5453
6769
3944
5084
9511
3777
141
8449
7223
7431
4202
2990
6183
8747
4319
6129
8475
5096
9183
3320
3739
2464
6938
8079
2114
7917
4932
2296
3351
9433
9974
5399
5617
8611
3607
806
3687
6834
4522
7725
444
7063
4238
6588
3297
3883
7575
4433
817
7346
1945
3534
5944
3946
6806
9760
5213
2676
1865
6736
9892
4478
3099
1366
6077
1322
5055
6874
6484
2532
452
3403
3980
4366
9478
640
5093
3366
2963
9389
5423
3230
3153
7408
6448
5399
9032
1754
7910
2343
1430
1977
1612
127
2288
8766
6418
5454
2845
7964
7866
4649
1442
9957
3792
9982
4326
7987
9471
1289
877
5292
7298
8540
9404
3317
7320
9313
6222
5098
745
4323
8979
5526
1012
1835
1869
2153
5329
2331
8569
898
4722
5255
8982
6276
3701
9352
9371
2596
8213
1074
5428
8917
4281
4037
7496
195
1759
4799
7822
1224
8947
7176
2970
889
375
7980
4162
8151
8993
9087
4689
5044
5929
6577
6150
7621
4441
895
1147
3938
5388
4330
8888
6402
930
8219
2522
8109
2802
1652
128
8753
2107
9487
4000
2394
7135
4339
5998
2938
2599
8154
5492
2421
5406
8643
5796
6454
5673
6481
9191
2533
2822
2500
9543
525
6356
9995
8689
5085
8940
8113
8712
9495
6257
4403
7841
2143
5765
5506
3350
3303
3162
8990
1391
8960
5106
7618
7038
1084
5468
5507
477
4660
109
6792
5722
952
1852
6448
4182
9790
8517
2983
1570
7265
590
7728
5961
2752
2156
1797
4724
1767
6097
1033
721
9165
2245
4429
4486
751
5666
4609
5716
5743
8461
7777
1255
5928
8269
7433
6767
4776
2524
3882
9517
6676
3114
3013
3606
1237
4764
7882
7526
6961
6174
3956
2898
3597
1165
8996
3775
7268
685
6815
3523
3137
9471
8348
3956
8924
940
2598
7600
317
3362
7422
915
8204
4769
2254
3094
9169
299
2665
6091
1359
5524
2849
4152
1881
8257
2861
4468
3574
8810
8206
5196
761
6009
5546
7031
6072
6459
352
4970
4800
4939
3250
3899
933
8970
9491
4372
8326
6333
3564
3496
8523
816
6243
1676
4439
9894
735
5960
6360
7192
6014
3589
2184
9070
2866
1587
9522
97
8297
3104
5752
9521
1488
8673
4133
6649
1528
5366
9825
6242
3852
3514
6452
2691
3239
7135
1364
1497
1944
7427
4648
5598
2247
4508
5945
5099
1894
7202
8927
1668
7912
2724
8152
9269
3184
4759
870
8524
1034
9781
1786
2598
6117
1495
7564
4738
1873
4318
306
3635
3347
350
4661
3499
9045
8867
598
4817
7524
7951
9428
7807
216
8756
376
739
9427
7567
7761
2651
1094
911
5916
8628
9750
76
6768
1735
4101
5564
4897
4723
3302
8634
8435
9495
5474
2036
2278
9785
7660
6023
4109
7159
364
682
3122
3554
5843
8820
7217
823
5267
2511
615
2040
567
4539
3287
728
8876
6376
3512
5932
8468
4823
9973
6155
7525
5642
3588
2587
8712
6904
1390
3305
223
1500
9351
8192
6985
7619
9305
4602
4365
3652
8034
3410
1555
6612
9819
8716
180
5059
7688
427
9082
9983
3860
9609
2822
2985
4691
7978
860
9478
7989
5932
5669
1367
2682
2414
3644
2719
3568
9784
8466
3455
9688
2951
2495
9536
9940
1945
1226
3212
6433
3447
8766
3060
9083
749
9470
8608
7393
5674
7228
7894
3159
9834
6660
8946
6164
3070
9507
9779
1037
2956
3393
5849
4962
1926
7959
6093
8697
7583
7922
5409
3395
3568
4661
7265
5107
3479
9792
8036
2463
502
4903
555
1471
3545
96
7204
785
781
8736
1734
4812
9079
9292
7302
3362
7701
7436
5866
5136
1751
7283
3231
6693
432
218
6088
3213
3488
501
217
7205
4207
4272
8705
7082
9165
1702
7796
8221
123
5802
2542
3041
5875
4931
6550
1099
4820
2283
9155
7307
6518
9361
1165
1638
3590
1257
7877
6787
7336
4140
2424
7906
6628
87
9947
8552
2763
7912
1625
818
1781
5536
6009
7253
2837
7850
660
7398
4675
3133
3442
6822
8642
3470
299
1423
4947
8565
2473
4282
3101
2104
6196
9318
4397
2494
9682
8586
507
9974
1051
7059
5684
4789
723
9500
1680
2535
6356
2548
2455
4983
4170
4779
5216
8272
4696
2296
7288
8562
9350
8022
7070
7020
483
7816
3755
2137
5555
7680
622
5537
5500
5194
4832
5111
1601
2308
8703
9668
5963
3522
863
1767
297
1893
7768
5447
5992
741
3642
4098
6528
8796
3553
7380
543
9053
9091
3393
4293
5308
2847
5675
5470
2366
8969
4328
7073
1805
4900
1620
2577
4777
247
3413
5761
8189
6429
6759
313
8725
9863
1223
9376
2391
6991
5061
7282
8468
8385
2083
7853
5492
5371
1963
3004
8657
6885
5492
6783
8256
5299
8710
3034
4422
5724
6032
1879
9848
1211
6428
4442
8808
4437
5761
408
1753
7374
377
6489
3438
6930
1336
1387
7266
1920
362
6455
6748
2113
7155
4787
1203
1911
928
8129
1630
5590
7916
8478
4344
9660
5143
9711
5522
5426
9695
1406
7247
7976
5953
5599
5942
3512
898
121
5792
1225
2501
5863
9230
2819
132
6530
2484
5878
7872
4160
6001
5255
2237
6592
5240
448
7827
4288
9770
6911
7359
4319
5225
8042
8913
6400
4815
4379
5131
7183
4286
7633
5751
8369
3499
9516
179
9930
5543
5263
1218
9805
6180
7406
6692
9631
6142
9573
7608
8987
4148
9142
1410
1458
6305
3926
4118
5899
7686
1271
2425
7779
6704
7333
9927
3154
5381
5468
5926
272
934
6775
3421
3212
2288
4150
9558
3817
8628
7408
2725
9970
4745
7583
7535
327
8457
1304
1926
3939
2264
8891
6394
1822
3698
9563
3309
9173
3285
7900
7452
5778
7518
8707
9259
4287
3518
726
2395
1334
8397
2809
276
5260
9561
2919
1700
2315
4957
7217
3065
9234
6722
5211
6882
8293
7108
1704
8691
3276
7275
3963
4691
7113
5318
871
6695
9991
7086
9589
543
1639
5733
9508
3283
9200
5843
5622
3439
7023
651
5152
5581
684
8051
8548
7142
3883
3501
4197
3907
304
3629
8769
5814
7878
9322
7049
3553
8065
7192
4191
4812
9743
4279
4714
1863
3752
8759
4801
2069
6173
7571
3003
2180
2497
8255
9951
2544
4202
7645
7135
9474
1879
548
4035
1175
3689
9365
2992
2199
6801
9489
135
6354
8689
1537
4970
352
4252
7467
4196
883
9493
2533
1177
6906
2050
2566
1270
9833
3309
5575
4983
319
4496
5816
3207
404
2149
1661
2572
2339
5579
7706
8084
6490
6857
2743
2961
9049
4742
4535
3888
5108
4038
9742
4468
9002
7253
3230
6793
8429
5260
4791
5307
7858
9695
1437
2408
8977
1263
3428
3556
8354
7853
6437
528
6025
2460
6670
8311
9707
8903
3852
6873
1740
3220
3775
4752
4914
8615
7379
4621
4816
4283
8337
5408
7306
3601
8237
2268
7625
8161
496
4936
5552
8006
8343
5396
1562
8796
3272
1589
3283
6156
6248
8353
3345
2359
1476
310
229
9027
5492
3181
5820
5899
1229
3667
7218
8289
2456
6180
5433
4190
20
4950
5611
7465
8339
4850
6334
4237
1971
5164
55
8846
8005
7409
9472
2362
7601
3503
855
4176
7815
2750
9808
8133
2968
684
1324
8068
8547
3224
9373
1394
9721
5289
6733
1324
1386
5351
7414
776
4756
2456
1283
3035
8594
5771
5816
1213
3840
6426
131
2286
3459
2635
1029
2964
1092
9012
5244
7787
4794
3718
8951
9632
9412
9702
3723
3296
5385
9655
48
6872
3297
6362
9439
9462
6683
3521
679
3965
8975
1348
6170
664
9838
1693
7142
6879
6383
8432
8922
4254
6459
4757
5988
5755
9129
5129
2615
4332
6601
8727
8521
9825
6618
7009
7206
729
8529
2364
5638
4557
3881
6771
5854
4743
848
3149
9418
568
3376
271
8052
8319
1805
3190
7019
9359
4840
6110
5841
2922
1590
1586
9022
2718
1187
967
1154
8899
1668
2355
1374
9371
9672
5188
5523
4927
7156
9974
6287
5267
783
2067
2607
9968
1816
3426
3966
8452
363
6882
8913
304
7915
4986
9807
7919
257
6983
7047
8781
9312
2162
9335
6795
7010
1853
607
9595
4288
146
4763
4840
7053
8839
8686
2911
8979
2072
1306
7221
5566
2376
8045
9543
2707
234
2613
1040
1809
834
7751
1878
1888
2666
9549
8496
7242
2085
2895
8404
5557
5725
4672
9741
6189
7525
443
7324
9220
7156
2877
3686
6283
214
6898
1874
4497
1256
7072
9353
8092
8807
7194
3165
8168
9558
8111
6577
2474
9369
4171
7510
5724
5564
1274
8028
5995
138
5428
2170
754
8167
5909
8608
7079
3748
3763
5857
4146
3602
9257
7257
5977
13
7432
7707
3616
4518
7037
958
5066
3136
3149
8786
9990
5631
6236
6280
6811
5229
5305
6457
2037
7979
3899
2297
1357
3968
3325
1007
5458
412
8944
4723
1612
2029
2253
9300
4236
4228
87
3345
923
6372
9751
2452
5346
5046
2985
3843
7398
8540
4746
1144
8864
8455
8863
1188
4308
1688
2903
8823
2753
8838
7046
3806
9553
3050
1264
8251
4701
2533
7763
2206
2203
9035
3596
746
4457
4157
726
578
3933
7683
6790
2992
1739
3500
8254
6703
3451
3596
2065
8224
3164
7368
6149
8533
9304
7007
2278
5921
1406
4913
5263
2125
4812
6212
9004
4761
1159
3271
5909
9480
6494
9381
4214
1061
7303
8017
5759
5149
9363
7673
8254
4681
9997
571
2108
4657
4156
2594
7108
3884
6964
3678
6703
6705
9028
3330
3234
8699
439
5097
3213
3455
4678
8021
6953
9258
2723
9199
3192
9393
9796
7845
3374
6808
1645
4794
5919
785
4961
3300
5889
1486
9953
1303
2243
1500
5313
4551
419
5851
4529
8111
9295
9986
5917
3952
3746
696
5325
9905
232
370
4407
3206
9793
2933
6593
978
195
6985
991
9631
574
2077
2856
5207
8400
6062
9077
7359
1901
2022
8136
2664
2683
4981
618
3045
4683
8224
1677
2847
6372
1760
5635
9407
6054
7264
8895
6306
6831
6329
5119
4494
1515
5371
5739
6547
9994
6309
6534
2688
7644
2021
7085
95
9910
6976
5423
5218
1021
9640
5186
8857
7947
9087
3757
743
7686
5701
7753
4726
1754
2939
5252
6761
8441
6561
2473
3566
8069
4844
7238
7750
530
8223
6998
3901
3218
8500
2453
4406
273
9358
2805
4107
6137
1992
4051
1790
378
1149
456
2044
6798
9299
3099
5056
6407
3455
3090
3895
3043
2318
167
4981
1657
7410
1305
2703
4231
6642
6208
5287
6964
4806
8401
2055
4892
2088
8224
512
8711
5667
4040
3236
2404
642
2892
7263
2993
6124
2953
445
8713
4145
3136
8764
2127
8358
4540
7522
5340
5653
190
4471
5909
9391
5176
8544
1751
6561
809
8837
1155
3815
5747
57
2125
8703
9020
8495
2597
7800
6090
5302
1759
7099
3006
4176
8600
4226
2201
5734
7390
5238
8425
3675
8621
2741
1326
45
3209
2079
6707
9608
447
1380
8686
300
1592
8948
3509
3601
3695
3536
8473
2585
3340
6598
8230
887
174
9959
1403
2332
533
2308
3222
2628
873
2047
5636
9950
2537
5675
4405
717
8658
8474
5994
6848
6176
6979
7216
3775
2612
6180
280
3548
9597
2354
3798
3230
9446
1814
9069
3948
8647
6054
8763
8888
5948
2799
8171
6908
5016
3642
1367
1357
8478
746
7579
852
6740
1693
7899
9862
6551
4507
3427
8957
5192
6093
3543
9053
396
3076
8960
2598
1804
8638
3869
7538
7001
5373
9752
7713
8790
515
5528
2213
376
3958
7646
6840
7058
1411
6078
4572
9106
5103
6296
7997
9861
5693
2983
6425
3010
9381
4456
2665
290
8925
7664
6216
2936
9199
1606
2374
4838
3393
8223
319
1113
858
9962
5429
1231
936
6163
1743
821
8602
1564
6600
8714
3694
2095
5012
7840
6306
8692
4425
5681
7153
7139
6010
7984
725
9238
7943
399
7697
6287
9064
4561
9285
2554
5577
2957
8167
5233
7245
2745
294
4840
4068
384
2182
3347
2525
5253
4284
3694
7712
2069
2415
5254
5242
2701
4684
7126
1237
4266
7421
6293
644
790
5891
3468
4654
2949
3177
468
125
2219
5185
8068
6790
1743
2738
7729
729
1718
863
3825
1687
3244
7800
1666
118
1129
1206
9807
5394
4437
8572
937
5718
1113
7270
1595
6345
7300
2901
7749
846
6206
5298
8781
7419
8433
6641
8187
7645
6272
657
5069
6957
1248
3155
3448
2009
334
3273
8828
5841
7165
2612
8100
5166
2202
24
9030
2128
7092
1897
2184
4655
7437
3882
9047
9427
8296
9146
9511
4666
9240
1488
3299
6467
2207
3045
7939
9537
5717
7378
7464
391
1550
5630
1731
862
8387
3825
9095
3101
9236
2598
5102
2583
7650
7342
2826
5158
5826
5713
1490
4592
6236
1876
4428
9240
6002
2519
5698
9517
8070
6933
3699
4096
4408
3361
2262
8501
6031
3763
1460
1070
4315
1497
9205
3056
1379
2181
3854
289
7808
250
3171
3264
4413
9698
9446
9305
2768
5
465
218
5554
1845
5002
5289
1895
6275
7037
7675
5530
2234
5885
5873
1607
5497
1348
9031
6379
6238
5749
1767
7716
7584
628
7279
9315
7159
772
7041
8427
1671
7268
7938
565
2615
8138
7464
1858
2564
6712
6887
8731
5936
5381
9165
1285
805
8859
5260
5723
5581
8535
376
5537
5010
6965
79
2727
8665
2714
531
2235
2198
5515
6580
720
9145
7001
6874
7331
5050
4632
673
7681
5776
2497
9304
7720
81
5893
6476
3544
9845
7311
5130
9975
292
4558
7384
7866
6370
3242
7495
3138
5787
9323
6841
1233
5409
1720
7878
3461
2410
18
775
6108
8357
7863
5817
7105
4839
7556
8864
5645
7301
2055
1513
124
8536
5427
3963
6417
9913
8996
6974
8522
5528
7392
7674
2699
9833
9351
6617
3027
1296
8977
3572
285
3948
4861
2989
8256
2287
6064
7039
479
5083
6940
1711
8585
6825
8627
6960
4782
425
6309
979
4583
1781
2268
3619
6261
1199
8831
1041
5046
498
8430
1687
7887
642
4003
252
4122
8855
2556
1629
8332
7917
9561
8062
9616
7732
6182
9283
6919
1881
6392
4140
5706
7429
6289
6587
4766
7416
4592
391
4611
5305
3439
1095
5270
9933
4322
7934
2366
5229
3091
4610
1266
5139
175
3068
8507
7585
2962
9707
8974
7699
9532
8180
3358
4272
8780
7285
2965
5377
6581
9036
2653
11
1391
1331
4849
2140
7998
3445
3501
5534
6798
2787
9784
5027
5283
8205
2750
3662
8206
6485
9809
9910
9802
5159
6662
6207
6079
7338
2080
7961
1413
2848
8684
2100
1611
982
7921
660
6075
5037
3332
237
9982
3422
9728
1266
2836
8313
5215
1670
8096
1395
7178
9687
7550
8894
1112
4127
6483
7274
1519
2345
2685
3970
8732
1618
2808
8664
8045
9711
9618
7384
5134
7444
4884
4716
827
8367
7469
2483
893
7071
395
1383
2050
5787
9557
1931
1108
2615
9959
3545
8876
2626
1567
9223
7434
9395
6943
9360
9432
3553
6018
2252
8627
5448
9227
7344
2441
3526
197
531
8117
5299
2989
1627
8673
9651
658
9180
3104
4177
3844
6221
9582
379
379
6102
4322
8578
9417
3737
9586
4543
1344
6105
3455
4976
2853
8153
2503
4445
1794
6181
4011
8429
4045
4310
2982
7192
2417
2105
6521
8230
3353
633
8338
5904
9174
9329
7439
9421
1705
4989
4249
702
1861
9814
1503
2058
2674
1075
6983
8625
8779
8899
8935
5631
8555
5390
5828
7891
6958
2028
1143
3658
6044
640
592
7546
4018
2764
5186
539
7923
5086
5981
8615
1518
5795
6867
3800
9494
2019
9788
190
8105
6793
5590
9924
8190
8870
5113
7502
5299
2889
6759
5575
3384
2467
8724
9577
1900
6390
2490
6916
1974
5049
7881
6325
1600
2915
4292
9609
4558
910
7078
6024
6721
1453
1223
6207
4116
9418
9647
9557
3441
2266
7788
3315
976
3017
6793
4703
7233
5869
1623
9449
84
3948
4445
9747
7430
5666
8825
5240
3563
1984
5003
3654
3536
3141
5653
1399
8388
4859
3794
7531
4993
4678
1354
8639
834
8685
2657
8499
264
7332
4673
4574
4826
9901
6230
7744
8539
4127
4129
6243
9561
3678
9581
6738
2279
5926
2338
9669
8750
8181
7795
921
3039
7017
4374
7565
4559
6766
6544
4669
9580
4400
7166
8127
2199
7793
8246
2822
1255
9098
563
6574
6838
9232
148
5077
2443
8793
3483
762
284
6666
9303
7111
4908
7866
5717
8328
1039
9474
4557
9166
2195
509
2358
6442
9220
635
9669
2079
152
5354
185
3521
4169
4016
5602
3803
7142
8100
6393
9428
7414
4170
3552
1326
6492
9734
2629
9736
3526
1108
2946
7269
3595
859
8901
8329
8605
6649
1175
4692
2989
8570
9290
3956
6433
9814
5788
20
4694
726
3477
8830
5264
8081
9235
6697
1737
8931
336
3499
1988
7583
7620
2283
8777
4988
1841
5289
2906
1689
6435
6000
8168
1588
1581
1041
8175
4990
8966
3168
4272
7313
6488
7561
1831
9400
9227
2625
1706
8782
2391
1881
2371
4445
2347
9241
4569
1405
2250
493
7877
9036
6204
1384
2251
963
6815
8768
6895
2466
934
6034
877
4794
8913
7595
9908
7111
6138
5297
3733
9647
4395
1449
4207
304
9075
2476
9219
5091
7961
2988
7060
6272
6622
8511
1307
7391
2512
5536
4994
1605
2696
9457
394
2887
5389
3948
5046
609
8232
351
994
8687
725
6789
1255
3519
7319
2519
318
6154
7760
2810
4113
5274
1420
331
1495
6555
2297
755
9620
416
530
555
7755
6607
1640
2380
5497
6744
451
9751
3416
3663
3367
8164
8221
4104
6400
9241
851
7981
3436
8002
8389
2508
5069
1397
4079
1493
9904
8709
8187
5837
8779
2160
4623
6164
3191
3631
5211
6321
8744
7361
331
6176
8528
7521
7108
625
7020
7133
9344
2563
4570
4289
1058
313
2061
6568
5508
5183
6531
7752
8310
1762
2305
7091
6227
2824
693
9537
3394
8108
1312
1843
4455
2141
7015
729
4118
7600
6713
4605
386
8724
5039
8333
7485
4009
1676
7018
2906
4109
3972
4938
6669
7882
2550
556
5089
3549
3538
6514
7966
6569
3495
1978
2506
682
7961
601
6255
233
5104
9902
9781
4147
2489
6285
5203
3249
2584
5938
6733
5293
4163
707
8378
8727
8806
9237
37
2669
4383
3212
2909
9065
2427
6274
8980
6774
7934
7445
2385
4705
6281
1274
5065
1944
511
9981
366
2386
3896
4688
6409
5079
659
3792
7514
4690
201
18
3166
251
743
8351
1976
6937
9020
8280
917
2955
3484
7977
7759
1426
3257
6575
2680
4176
3440
5827
2253
1656
7474
4265
2415
8434
9379
1601
9441
7573
9017
4636
4488
6218
2878
9215
4250
8368
6233
8097
1045
5247
6544
1379
874
3393
1605
3241
1581
5439
8275
6562
9830
8864
6987
7054
1003
9962
1549
6152
2183
8576
6294
5591
3002
3743
7146
1712
77
7463
8482
7503
7597
5870
475
1181
5789
8410
3746
5467
9314
9411
2430
6692
8242
8257
1690
3058
1811
7187
3340
6689
6479
2238
7219
5858
9733
6964
9532
4467
7174
8455
7925
9266
7028
2070
7787
3955
5808
1608
3399
9341
7324
9978
610
6150
2394
6420
332
9310
4755
4015
8264
7576
8832
9986
5064
8385
8103
260
5225
836
6937
8424
1756
115
8774
8199
905
7393
9177
4606
6865
235
7028
9415
6332
1314
2034
5709
9520
3726
9352
7458
9732
7182
6558
9769
3625
7113
2525
7761
9074
4206
9027
623
2495
9945
3250
1366
8573
6522
1906
5714
3866
4028
1017
4692
4780
7113
4759
2032
2969
7995
8284
3100
3439
6017
5632
4749
2362
2118
1350
8071
5645
7443
9499
8369
8713
6479
8747
8135
9758
3459
3307
7706
4967
9316
607
166
5041
5233
4332
9805
7543
5125
8551
1221
5495
2745
117
9099
2328
5845
3053
108
7708
8672
964
7347
5296
743
1589
8475
4614
1937
8987
9624
9808
1060
6496
3135
314
5563
9444
6307
4998
1827
2826
9064
3004
2638
3339
9378
9657
5992
9822
8867
1240
8631
5008
3995
1774
2774
6066
3059
4297
6784
9121
5737
5182
2664
442
6999
7843
8046
2674
8312
5879
8836
804
7848
1560
7457
606
4695
3777
5995
3128
7660
3827
7952
2927
1046
335
3002
6660
8233
9305
9332
1132
2466
9308
6978
9147
9236
2794
8802
8143
9934
2164
112
6505
4003
7855
7698
8170
7251
2511
4218
5491
9705
8848
9445
50
200
3010
3455
8536
1324
8894
9935
4278
491
2343
463
3689
4730
6629
4625
3971
3525
4760
1896
4781
5738
4617
8755
5775
834
5733
3476
1477
6503
9191
520
6261
726
8843
6979
7462
1240
7649
6230
8583
4635
484
6929
7479
2897
4867
8525
8423
1738
8594
7756
1503
2073
2786
9276
6843
4195
4448
3337
4151
4292
3342
3518
8819
7244
1597
8881
4898
1300
9008
6058
7195
4410
1189
7271
447
1879
2225
2341
7223
4191
8717
3917
8285
5302
4067
6520
5613
5845
4649
9979
8642
7986
652
836
7467
8168
1692
4389
3606
6343
5028
2655
1854
2018
4493
5831
1460
8953
3732
43
6239
9917
4389
847
4579
853
4834
1228
3749
755
7410
4845
3501
2036
8709
4415
4270
8934
905
5911
3917
6585
4878
2644
716
7481
3973
9984
6588
6295
685
4250
218
9324
9538
843
9276
8557
4677
2685
3073
1282
1521
6756
4526
1441
8258
8093
2586
3686
5186
9682
8363
3492
3137
924
7922
7788
9190
1568
6742
3650
6587
7902
9395
2578
5804
5552
4213
1756
8571
6193
7027
9982
8843
4178
2750
3723
8799
6460
9389
4854
9622
6296
2323
6405
9670
7676
1779
3861
5463
4732
4020
564
9762
9748
3746
9727
5156
465
2508
5276
7982
4398
2075
4893
1962
3841
436
7346
2662
7962
8947
4313
2676
1630
9363
5216
150
7939
6694
5802
6475
7983
791
4705
6726
374
2731
386
587
796
1918
8712
8751
6993
4497
9245
6387
9584
4102
4702
719
98
8220
5316
8024
6796
4741
5786
5851
6099
3227
7950
9018
9706
2604
3257
125
442
1634
4467
6036
9025
4226
8701
8291
8953
9544
6682
7276
8850
1805
4851
7957
8907
5659
9059
5541
1834
213
3689
1313
9958
3029
5591
7533
9122
9826
9765
4344
4909
188
3397
2669
9110
4412
1028
9372
5286
7162
8517
5287
1192
9628
4184
4158
3038
3469
2993
9376
6605
6593
4344
4718
3462
2411
3851
8591
2294
4013
6406
5305
4090
6833
6207
7746
5440
3789
3725
5445
5204
2345
2754
6389
2997
6646
7632
6434
8010
6861
2593
5644
6750
5142
2369
4782
8675
6031
52
7904
2745
400
4052
4696
921
329
7563
726
1238
3217
196
1330
844
2953
8719
4636
3480
5477
9452
3747
4949
1009
706
339
9121
1785
8108
7476
6838
3872
186
2162
5052
9274
3208
6689
9113
9306
59
4101
9590
4666
4874
7679
5444
4277
4351
7924
1679
798
8589
3914
6766
2689
4850
5343
2364
3891
976
5469
2818
656
7937
3214
5198
6469
8841
1356
7457
8177
2581
4398
3261
4116
7549
1610
8741
6182
8320
8054
6505
1262
2296
9416
1032
5694
4703
4806
8123
2456
4073
9335
6964
7305
8955
1677
7583
9762
1744
3530
7317
5956
2518
3795
47
6869
5755
1759
9692
2349
8628
1563
5743
2403
861
4137
4586
3195
955
8423
6001
2239
7514
9142
4640
4666
4645
8827
3310
3610
2775
6379
7293
6040
1777
9497
744
512
1961
7981
2929
7098
9776
133
3567
5044
470
4138
1225
4705
2829
328
682
2218
5213
9290
1325
9377
3851
3169
9701
9080
6935
290
7175
375
4356
2624
1388
2812
5410
5278
7704
2330
4374
3028
1541
6189
6046
1806
3279
382
1032
9894
275
6103
7923
8794
566
3277
1512
1898
6622
2175
9599
8167
249
8328
1436
8962
3025
4049
7259
5704
3928
2802
2674
2143
2179
7998
7217
6151
215
9105
1574
9887
7426
54
9130
7085
551
1227
4939
2641
39
9537
935
5695
5111
220
1865
5321
3505
7077
8493
7959
6162
5736
195
7837
1302
5053
6632
6755
7560
2204
7068
8494
4640
6191
7029
2372
920
57
2547
8068
4442
2103
2905
6261
6865
2547
9964
248
5254
7465
6362
7793
8165
1602
5065
3357
7313
1797
9333
114
4051
6173
2916
7325
1084
7304
4966
2623
139
8965
5028
8766
9373
1709
3602
3276
365
9209
8351
2709
4481
8940
2062
5057
5886
4037
997
5873
7434
5205
8859
2008
893
1221
2770
9996
3076
8904
8958
2426
8822
8692
8684
4753
7484
8242
9820
6851
2603
3138
623
1331
923
4699
9678
9476
1536
3427
9705
167
5994
495
9006
6870
7969
2922
1148
6686
2403
3158
3536
8869
4625
5475
9766
6435
2304
7095
1910
8724
7865
9997
8490
872
7408
4925
8879
9743
179
5283
7909
9639
6915
8640
8492
4836
3661
7358
30
4516
7339
7071
5782
9285
4475
6513
7036
5270
6239
6964
5122
354
3411
2688
185
9720
8097
4149
8960
3333
3505
1111
1443
5158
9546
4339
3472
2505
305
1179
5364
7730
6232
5588
8458
5706
890
9898
2409
4755
962
4828
625
3038
1753
4382
3948
9931
5202
8788
5128
3481
1292
2794
8335
9912
4811
2265
3768
4726
5639
8173
3216
7416
1227
9851
3998
3834
693
1663
920
3612
2614
1636
6407
5460
9980
6282
2958
2681
9945
7311
5650
7684
7084
3709
6354
5699
5299
8992
8635
6986
7596
6255
7395
3932
8790
5599
7592
3013
1912
8926
1595
1004
5063
691
1894
6849
2009
5247
3331
1210
3412
3797
9180
283
5535
3955
5550
4173
7597
2876
719
4433
5833
5594
4274
8139
6810
6518
3916
601
5814
8446
2246
7011
7966
701
5832
7892
7815
4739
5164
9916
7085
1152
637
7127
1669
8840
3030
4567
1245
4503
8248
7003
3262
3135
7510
5696
623
2447
9065
5701
8306
6640
8151
202
4138
1395
8385
9460
7529
1596
7333
1183
6338
6435
308
892
9810
8815
5146
7103
3695
5965
422
5448
9695
2847
4187
4412
3612
2513
316
5372
5152
1532
1738
1323
2209
8922
9468
8881
1613
6232
2855
8175
5148
8512
8081
5889
2338
8047
7563
3101
4372
3934
3148
2991
8913
2957
5061
637
9593
4117
4828
3840
2336
7125
5378
8634
557
3338
2256
7580
898
9493
5483
2164
6711
5083
7736
3766
4369
9992
1911
8136
7150
7802
3151
3607
6998
4990
3715
2096
7806
290
8467
3342
9756
4354
2168
3095
6201
3303
2525
552
3612
4803
2704
5679
9841
696
1927
6251
429
687
7756
3561
7247
9819
8041
2293
5663
6916
4291
6100
7369
5707
2307
1027
5111
1429
9512
2831
5875
1753
5796
4670
1414
3905
8547
6412
2841
9795
1560
7561
8977
2579
5101
2903
9975
8918
9932
6511
8838
5147
8731
1116
6709
3444
5576
1385
2842
6785
3483
6286
715
5815
5017
1743
765
1422
7318
3798
9209
964
8634
880
7514
3321
7744
7673
2069
773
3912
6334
628
8587
8950
2948
7779
5654
7959
6632
1226
6993
7495
3819
8330
9342
4452
81
8394
4684
7767
2615
9143
3132
7321
5566
2787
6199
8779
8001
1880
312
4342
176
8980
4559
7606
9305
4124
9363
9553
5643
7249
7006
1943
6433
3983
7134
8281
250
7622
617
7713
8828
7600
2581
817
2377
3140
1754
970
8650
4823
993
6428
1664
6761
2171
3641
587
887
2118
9737
378
3616
9637
3964
6910
3267
6270
5353
557
5305
2052
8022
4049
6230
5012
4034
3889
2199
7759
